EDI.cm
Unit cell vectors:
va= 6.926  0.0  0.0
vb= 3.10954e-10  6.926  0.0
vc= 2.87787e-10  2.87787e-10  6.41
15
O  1.31455  1.02164e-10  2.27555 
O  4.37557e-10  5.61145  4.13445 
O  2.44642e-10  1.31455  4.13445 
O  5.61145  1.02164e-10  2.27555 
O  1.31386  1.31386  0.0 
O  1.31386  5.61214  0.0 
O  5.61214  1.31386  0.0 
O  5.61214  5.61214  0.0 
O  3.463  3.40452e-11  0.758303 
O  4.09219e-10  3.463  5.6517  
Si  1.85548  3.4074e-11  0.758944  
Si  4.81362e-10  5.07052  5.65106  
Si  3.37018e-10  1.85548  5.65106  
Si  5.07052  3.4074e-11  0.758944  
Si  1.43894e-10  1.43894e-10  3.205

EDI.cm
Unit_cell(a,b,c,alpha,beta,gamma):   6.926   6.926   6.41   90   90   90  
15
O1   0.1898   0.0   0.35499999999999998  
O1   0.0   0.81020000000000003   0.64500000000000002  
O1   0.0   0.1898   0.64500000000000002  
O1   0.81020000000000003   0.0   0.35499999999999998  
O2   0.18970000000000001   0.18970000000000001   0.0  
O2   0.18970000000000001   0.81030000000000002   0.0  
O2   0.81030000000000002   0.18970000000000001   0.0  
O2   0.81030000000000002   0.81030000000000002   0.0  
O3   0.5   0.0   0.1183  
O3   0.0   0.5   0.88170000000000004  
T1   0.26790000000000003   0.0   0.11840000000000001  
T1   0.0   0.73209999999999997   0.88159999999999994  
T1   0.0   0.26790000000000003   0.88159999999999994  
T1   0.73209999999999997   0.0   0.11840000000000001  
T2   0.0   0.0   0.5  
YUG
Unit cell vectors:
va= 10.248  0.0  0.0
vb= 6.19034e-10  13.788  0.0
vc= -2.49057  4.16307e-10  6.30814
48
O  1.31672  3.447  3.15407  
O  6.44072  3.447  3.15407  
O  6.44072  10.341  3.15407  
O  1.31672  10.341  3.15407  
O  2.92616  2.32328  1.41113  
O  4.83128  2.32328  4.89701  
O  4.83128  11.4647  4.89701  
O  2.92616  11.4647  1.41113  
O  8.05016  9.21728  1.41113  
O  -0.292722  9.21728  4.89701 
 O  -0.292722  4.57072  4.89701
 O  8.05016  4.57072  1.41113  
 O  2.33729  4.87406  1.19728  
 O  5.42014  4.87406  5.11085  
 O  5.42014  8.91394  5.11085  
 O  2.33729  8.91394  1.19728  
 O  7.46129  11.7681  1.19728  
 O  0.296141  11.7681  5.11085 
 O  0.296141  2.01994  5.11085 
 O  7.46129  2.01994  1.19728  
 O  3.87872  4.04678  3.15407  
 O  3.87872  9.74122  3.15407  
 O  -1.24528  10.9408  3.15407 
 O  -1.24528  2.84722  3.15407 
 O  3.49909  2.18561e-11  0.331177 
 O  4.25835  3.94451e-10  5.97696  
 O  8.62309  6.894  0.331177  
 O  -0.865653  6.894  5.97696 
 O  5.124  2.042  0.0  
 O  5.124  11.746  0.0  
 O  4.01196e-10  8.936  0.0 
 O  2.17838e-10  4.852  0.0
 Si  2.61443  3.67174  2.23182  
 Si  5.143  3.67174  4.07632  
 Si  5.143  10.1163  4.07632  
 Si  2.61443  10.1163  2.23182  
 Si  7.73843  10.5657  2.23182  
 Si  0.0190031  10.5657  4.07632 
 Si  0.0190031  3.22226  4.07632 
 Si  7.73843  3.22226  2.23182  
 Si  3.58372  1.59389  0.134994  
 Si  4.17372  1.59389  6.17314  
 Si  4.17372  12.1941  6.17314  
 Si  3.58372  12.1941  0.134994  
 Si  8.70772  8.48789  0.134994  
 Si  -0.950284  8.48789  6.17314 
 Si  -0.950284  5.30011  6.17314 
 Si  8.70772  5.30011  0.134994  

YUG.cm
Unit_cell(a,b,c,alpha,beta,gamma):   10.248   13.788   6.782   90   111.545   90  
48
O1   0.25   0.25   0.5  
O1   0.75   0.25   0.5  
O1   0.75   0.75   0.5  
O1   0.25   0.75   0.5  
O2   0.33989999999999998   0.16850000000000001   0.22370000000000001  
O2   0.66010000000000002   0.16850000000000001   0.77629999999999999  
O2   0.66010000000000002   0.83150000000000002   0.77629999999999999  
O2   0.33989999999999998   0.83150000000000002   0.22370000000000001  
O2   0.83989999999999998   0.66849999999999998   0.22370000000000001  
O2   0.16010000000000002   0.66849999999999998   0.77629999999999999  
O2   0.16010000000000002   0.33150000000000002   0.77629999999999999  
O2   0.83989999999999998   0.33150000000000002   0.22370000000000001  
O3   0.2742   0.35349999999999998   0.1898  
O3   0.7258   0.35349999999999998   0.81020000000000003  
O3   0.7258   0.64650000000000007   0.81020000000000003  
O3   0.2742   0.64650000000000007   0.1898  
O3   0.7742   0.85349999999999993   0.1898  
O3   0.2258   0.85349999999999993   0.81020000000000003  
O3   0.2258   0.14650000000000002   0.81020000000000003  
O3   0.7742   0.14650000000000002   0.1898  
O4   0.5   0.29349999999999998   0.5  
O4   0.5   0.70650000000000002   0.5  
O4   0.0   0.79349999999999998   0.5  
O4   0.0   0.20650000000000002   0.5  
O5   0.35420000000000001   0.0   0.052499999999999998  
O5   0.64579999999999993   0.0   0.94750000000000001  
O5   0.85420000000000007   0.5   0.052499999999999998  
O5   0.14579999999999999   0.5   0.94750000000000001  
O6   0.5   0.14810000000000001   0.0  
O6   0.5   0.85189999999999999   0.0  
O6   0.0   0.64810000000000001   0.0  
O6   0.0   0.35189999999999999   0.0  
T1   0.34110000000000001   0.26629999999999998   0.3538  
T1   0.65890000000000004   0.26629999999999998   0.6462  
T1   0.65890000000000004   0.73370000000000002   0.6462  
T1   0.34110000000000001   0.73370000000000002   0.3538  
T1   0.84109999999999996   0.76629999999999998   0.3538  
T1   0.15889999999999999   0.76629999999999998   0.6462  
T1   0.15889999999999999   0.23370000000000002   0.6462  
T1   0.84109999999999996   0.23370000000000002   0.3538  
T2   0.35489999999999999   0.11559999999999999   0.021399999999999999  
T2   0.64510000000000001   0.11559999999999999   0.97860000000000003  
T2   0.64510000000000001   0.88439999999999996   0.97860000000000003  
T2   0.35489999999999999   0.88439999999999996   0.021399999999999999  
T2   0.85489999999999999   0.61560000000000004   0.021399999999999999  
T2   0.14510000000000001   0.61560000000000004   0.97860000000000003  
T2   0.14510000000000001   0.38440000000000002   0.97860000000000003  
T2   0.85489999999999999   0.38440000000000002   0.021399999999999999
