0 0.5 0.5
1 0.5000000799 0.500000796
2 0.5000006357 0.5000031362
3 0.5000021277 0.5000068784
4 0.5000049846 0.5000117896
5 0.5000095885 0.5000175517
6 0.5000162617 0.5000237697
7 0.5000252533 0.5000299818
8 0.5000367286 0.5000356714
9 0.5000507596 0.5000402803
10 0.5000673177 0.5000432242
11 0.5000862689 0.5000439081
12 0.5001073709 0.5000417436
13 0.5001302731 0.5000361658
14 0.5001545185 0.5000266508
15 0.5001795491 0.5000127327
16 0.5002047127 0.4999940199
17 0.5002292729 0.4999702112
18 0.5002524213 0.4999411092
19 0.5002732915 0.499906634
20 0.5002909752 0.499866833
21 0.5003045403 0.4998218903
22 0.5003130498 0.4997721324
23 0.5003155824 0.499718032
24 0.5003112534 0.499660209
25 0.5002992361 0.4995994282
26 0.5002787831 0.4995365946
27 0.5002492479 0.4994727451
28 0.5002101046 0.4994090381
29 0.5001609669 0.4993467393
30 0.5001016064 0.4992872054
31 0.5000319672 0.4992318649
32 0.4999521799 0.4991821969
33 0.499862572 0.4991397076
34 0.4997636756 0.499105905
35 0.4996562324 0.4990822724
36 0.4995411948 0.4990702409
37 0.4994197235 0.4990711608
38 0.4992931818 0.4990862741
39 0.4991631261 0.4991166856
40 0.4990312928 0.4991633362
41 0.4988995809 0.4992269768
42 0.4987700323 0.4993081439
43 0.4986448073 0.4994071379
44 0.4985261587 0.4995240029
45 0.4984164012 0.4996585108
46 0.4983178799 0.4998101482
47 0.4982329356 0.4999781068
48 0.4981638694 0.5001612781
49 0.498112905 0.500358253
50 0.4980821515 0.5005673244
51 0.4980735648 0.5007864961
52 0.4980889109 0.5010134953
53 0.4981297286 0.50124579
54 0.498197295 0.5014806115
55 0.4982925924 0.5017149809
56 0.4984162783 0.5019457397
57 0.4985686581 0.5021695855
58 0.4987496626 0.5023831101
59 0.4989588283 0.5025828419
60 0.4991952834 0.5027652904
61 0.4994577387 0.5029269935
62 0.4997444835 0.5030645663
63 0.5000533875 0.5031747511
64 0.5003819084 0.5032544683
65 0.5007271056 0.5033008662
66 0.5010856593 0.5033113705
67 0.501453897 0.5032837328
68 0.5018278241 0.5032160752
69 0.5022031614 0.5031069338
70 0.5025753875 0.5029552968
71 0.5029397863 0.5027606398
72 0.5032914994 0.5025229546
73 0.5036255814 0.5022427737
74 0.5039370604 0.5019211881
75 0.5042209999 0.5015598589
76 0.5044725632 0.5011610215
77 0.5046870796 0.5007274829
78 0.5048601102 0.5002626118
79 0.5049875143 0.4997703206
80 0.5050655142 0.4992550398
81 0.5050907576 0.4987216854
82 0.5050603778 0.4981756182
83 0.5049720494 0.4976225959
84 0.5048240399 0.4970687194
85 0.5046152555 0.4965203712
86 0.5043452807 0.4959841492
87 0.5040144113 0.4954667948
88 0.503623679 0.4949751166
89 0.503174869 0.4945159102
90 0.5026705278 0.4940958759
91 0.5021139628 0.4937215339
92 0.5015092322 0.4933991389
93 0.500861125 0.4931345945
94 0.5001751325 0.4929333698
95 0.4994574089 0.492800417
96 0.4987147235 0.4927400934
97 0.4979544034 0.4927560871
98 0.4971842676 0.4928513489
99 0.4964125526 0.49302803
100 0.4956478311 0.4932874278
101 0.4948989234 0.4936299392
102 0.494174803 0.4940550241
103 0.493484497 0.494561178
104 0.4928369831 0.4951459154
105 0.4922410834 0.4958057643
106 0.4917053563 0.4965362721
107 0.4912379886 0.4973320232
108 0.4908466879 0.4981866688
109 0.4905385775 0.4990929679
110 0.4903200948 0.5000428408
111 0.490196894 0.5010274337
112 0.4901737557 0.5020371944
113 0.4902545026 0.5030619586
114 0.4904419252 0.5040910458
115 0.490737716 0.5051133643
116 0.4911424147 0.5061175242
117 0.4916553654 0.507091957
118 0.4922746854 0.5080250415
119 0.4929972483 0.5089052332
120 0.49381868 0.5097211976
121 0.4947333692 0.5104619445
122 0.4957344923 0.5111169625
123 0.496814053 0.5116763518
124 0.4979629362 0.5121309543
125 0.4991709763 0.5124724785
126 0.5004270396 0.5126936188
127 0.5017191197 0.5127881663
128 0.5030344456 0.512751111
129 0.5043596017 0.5125787327
130 0.5056806583 0.5122686805
131 0.5069833115 0.5118200385
132 0.5082530311 0.5112333777
133 0.5094752156 0.5105107921
134 0.5106353516 0.5096559192
135 0.5117191769 0.5086739433
136 0.5127128455 0.5075715816
137 0.5136030916 0.5063570535
138 0.5143773923 0.5050400308
139 0.5150241255 0.5036315724
140 0.5155327233 0.5021440396
141 0.515893816 0.5005909967
142 0.5160993675 0.4989870942
143 0.5161427999 0.4973479375
144 0.5160191037 0.4956899418
145 0.5157249348 0.4940301738
146 0.5152586949 0.4923861824
147 0.5146205946 0.49077582
148 0.5138126986 0.4892170554
149 0.5128389511 0.4877277813
150 0.5117051811 0.4863256176
151 0.5104190879 0.4850277125
152 0.5089902042 0.4838505446
153 0.5074298401 0.4828097267
154 0.505751004 0.4819198149
155 0.503968305 0.4811941244
156 0.5020978343 0.4806445547
157 0.5001570276 0.4802814252
158 0.4981645099 0.4801133259
159 0.4961399234 0.4801469815
160 0.4941037401 0.4803871338
161 0.4920770614 0.480836443
162 0.4900814059 0.4814954083
163 0.4881384874 0.4823623118
164 0.4862699861 0.4834331837
165 0.4844973152 0.4847017921
166 0.4828413841 0.4861596565
167 0.4813223624 0.4877960868
168 0.4799594464 0.489598246
169 0.4787706313 0.4915512389
170 0.47777249 0.4936382236
171 0.4769799641 0.495840548
172 0.4764061668 0.4981379074
173 0.4760622008 0.500508525
174 0.4759569957 0.5029293507
175 0.4760971629 0.5053762791
176 0.4764868743 0.5078243828
177 0.4771277635 0.5102481605
178 0.4780188529 0.5126217955
179 0.4791565064 0.5149194239
180 0.4805344106 0.5171154091
181 0.4821435838 0.5191846188
182 0.4839724141 0.5211027034
183 0.4860067261 0.5228463713
184 0.488229877 0.5243936589
185 0.4906228807 0.5257241916
186 0.4931645594 0.5268194334
187 0.4958317225 0.5276629224
188 0.4985993698 0.5282404881
189 0.5014409191 0.5285404494
190 0.5043284538 0.5285537894
191 0.5072329918 0.528274306
192 0.5101247692 0.5276987351
193 0.5129735394 0.5268268447
194 0.5157488825 0.5256614991
195 0.5184205228 0.5242086914
196 0.5209586515 0.5224775426
197 0.5233342501 0.5204802685
198 0.5255194122 0.5182321122
199 0.5274876592 0.5157512437
200 0.529214248 0.513058626
201 0.5306764649 0.5101778493
202 0.5318539043 0.5071349342
203 0.5327287287 0.5039581052
204 0.5332859051 0.5006775366
205 0.5335134177 0.4973250729
206 0.5334024516 0.4939339264
207 0.5329475465 0.4905383546
208 0.5321467176 0.4871733203
209 0.5310015424 0.4838741383
210 0.5295172109 0.4806761117
211 0.5277025391 0.4776141614
212 0.525569944 0.4747224532
213 0.5231353806 0.4720340259
214 0.5204182402 0.4695804243
215 0.5174412103 0.4673913419
216 0.5142300984 0.4654942759
217 0.5108136178 0.4639141998
218 0.5072231414 0.4626732563
219 0.5034924209 0.4617904749
220 0.4996572773 0.4612815168
221 0.495755264 0.4611584512
222 0.4918253055 0.4614295648
223 0.4879073152 0.4620992088
224 0.4840417968 0.463167683
225 0.4802694322 0.4646311621
226 0.4766306602 0.4664816627
227 0.4731652507 0.4687070544
228 0.4699118789 0.4712911134
229 0.4669077033 0.4742136213
230 0.4641879525 0.4774505066
231 0.4617855255 0.4809740287
232 0.4597306092 0.4847530045
233 0.4580503184 0.4887530739
234 0.4567683614 0.4929370032
235 0.455904736 0.4972650241
236 0.4554754595 0.5016952042
237 0.455492335 0.5061838465
238 0.4559627591 0.5106859142
239 0.4568895712 0.5151554761
240 0.4582709491 0.5195461687
241 0.4601003509 0.5238116702
242 0.4623665053 0.5279061824
243 0.4650534515 0.5317849141
244 0.4681406279 0.5354045619
245 0.4716030114 0.5387237839
246 0.4754113039 0.5417036597
247 0.4795321679 0.5443081327
248 0.4839285066 0.5465044298
249 0.4885597885 0.5482634533
250 0.4933824125 0.5495601406
251 0.4983501107 0.5503737879
252 0.5034143852 0.550688333
253 0.5085249748 0.5504925949
254 0.513630348 0.5497804654
255 0.5186782156 0.5485510521
256 0.5236160598 0.5468087683
257 0.5283916742 0.5445633694
258 0.5329537075 0.541829935
259 0.5372522081 0.5386287943
260 0.541239161 0.534985397
261 0.5448690139 0.5309301278
262 0.5480991847 0.5264980683
263 0.5508905464 0.5217287056
264 0.5532078832 0.5166655908
265 0.5550203124 0.5113559511
266 0.5563016685 0.5058502571
267 0.5570308431 0.5002017506
268 0.5571920782 0.4944659368
269 0.5567752075 0.4887000452
270 0.5557758441 0.4829624647
271 0.5541955108 0.4773121593
272 0.5520417106 0.4718080684
273 0.5493279369 0.4665084993
274 0.5460736218 0.4614705169
275 0.5423040219 0.4567493384
276 0.5380500421 0.4523977375
277 0.5333479991 0.4484654659
278 0.5282393246 0.4449986981
279 0.5227702125 0.4420395045
280 0.516991211 0.4396253601
281 0.5109567645 0.4377886939
282 0.5047247082 0.4365564839
283 0.4983557216 0.4359499023
284 0.4919127438 0.4359840168
285 0.4854603585 0.43666755
286 0.4790641527 0.4380027009
287 0.4727900566 0.4399850322
288 0.4667036706 0.4426034233
289 0.460869587 0.4458400929
290 0.4553507123 0.4496706894
291 0.4502075979 0.4540644515
292 0.4454977861 0.458984436
293 0.4412751783 0.4643878135
294 0.4375894319 0.4702262275
295 0.4344853934 0.4764462165
296 0.4320025728 0.482989694
297 0.4301746671 0.4897944818
298 0.4290291358 0.4967948938
299 0.4285868366 0.5039223625
300 0.4288617231 0.5111061044
301 0.4298606102 0.5182738164
302 0.43158301 0.525352397
303 0.4340210404 0.5322686857
304 0.4371594085 0.5389502115
305 0.4409754708 0.5453259457
306 0.4454393689 0.551327048
307 0.4505142416 0.5568876004
308 0.456156512 0.561945321
309 0.4623162468 0.5664422487
310 0.4689375858 0.5703253925
311 0.4759592383 0.5735473382
312 0.4833150406 0.5760668055
313 0.4909345714 0.5778491489
314 0.4987438189 0.5788667965
315 0.5066658923 0.5790996225
316 0.5146217726 0.5785352471
317 0.5225310945 0.5771692608
318 0.5303129516 0.57500537
319 0.5378867174 0.5720554603
320 0.5451728737 0.5683395777
321 0.5520938377 0.5638858247
322 0.5585747792 0.5587301731
323 0.5645444203 0.5529161937
324 0.5699358078 0.5464947046
325 0.5746870508 0.5395233405
326 0.5787420157 0.5320660475
327 0.5820509701 0.5241925065
328 0.5845711694 0.5159774912
329 0.5862673781 0.507500166
330 0.5871123213 0.4988433298
331 0.5870870591 0.4900926147
332 0.5861812809 0.4813356452
333 0.584393514 0.4726611668
334 0.5817312448 0.4641581537
335 0.5782109492 0.4559149025
336 0.5738580313 0.4480181226
337 0.5687066701 0.4405520324
338 0.5627995746 0.4335974698
339 0.5561876485 0.4272310275
340 0.5489295668 0.421524221
341 0.5410912688 0.4165426993
342 0.5327453695 0.4123455064
343 0.5239704974 0.4089844021
344 0.5148505617 0.4065032487
345 0.5054739577 0.4049374722
346 0.4959327174 0.4043136037
347 0.4863216126 0.4046489057
348 0.47673722 0.4059510898
349 0.4672769571 0.4082181283
350 0.4580380984 0.4114381639
351 0.4491167826 0.4155895179
352 0.4406070191 0.4206408001
353 0.4325997061 0.4265511183
354 0.4251816686 0.4332703874
355 0.418434728 0.4407397367
356 0.4124348117 0.4488920107
357 0.4072511139 0.4576523603
358 0.4029453147 0.4669389195
359 0.3995708688 0.4766635611
360 0.3971723685 0.4867327247
361 0.3957849921 0.4970483093
362 0.3954340412 0.5075086226
363 0.3961345738 0.5180093763
364 0.3978911388 0.5284447197
365 0.4006976141 0.5387083008
366 0.4045371521 0.5486943428
367 0.4093822343 0.5582987276
368 0.4151948354 0.5674200735
369 0.4219266962 0.5759607971
370 0.4295197036 0.583828147
371 0.4379063765 0.5909352002
372 0.4470104506 0.5972018096
373 0.4567475607 0.6025554914
374 0.4670260121 0.6069322456
375 0.477747635 0.6102772971
376 0.4888087146 0.6125457511
377 0.5001009863 0.6137031552
378 0.5115126893 0.6137259599
379 0.5229296662 0.6126018739
380 0.5342364982 0.6103301074
381 0.5453176657 0.6069215009
382 0.5560587219 0.6023985377
383 0.5663474673 0.596795236
384 0.5760751141 0.5901569246
385 0.5851374272 0.5825398988
386 0.5934358312 0.5740109626
387 0.6008784707 0.5646468584
388 0.6073812134 0.5545335898
389 0.6128685845 0.5437656425
390 0.6172746226 0.532445112
391 0.6205436474 0.5206807439
392 0.6226309306 0.508586897
393 0.6235032617 0.4962824387
394 0.6231394028 0.4838895834
395 0.6215304258 0.4715326852
396 0.6186799273 0.4593369962
397 0.614604119 0.4474274034
398 0.6093317896 0.4359271571
399 0.6029041391 0.4249566023
400 0.5953744845 0.4146319281
401 0.5868078401 0.4050639461
402 0.5772803731 0.3963569118
403 0.5668787421 0.3886074008
404 0.5556993212 0.3819032527
405 0.5438473174 0.3763225924
406 0.5314357907 0.3719329415
407 0.5185845832 0.3687904286
408 0.5054191699 0.3669391075
409 0.4920694403 0.3664103922
410 0.4786684235 0.367222614
411 0.4653509691 0.3693807083
412 0.4522523966 0.3728760341
413 0.4395071268 0.3776863299
414 0.4272473098 0.3837758075
415 0.4156014621 0.3910953848
416 0.4046931281 0.3995830552
417 0.3946395789 0.4091643923
418 0.3855505631 0.419753186
419 0.3775271215 0.431252204
420 0.3706604792 0.4435540723
421 0.3650310269 0.4565422683
422 0.3607074035 0.4700922146
423 0.3577456877 0.4840724663
424 0.3561887114 0.4983459788
425 0.3560655003 0.5127714445
426 0.3573908495 0.527204685
427 0.3601650402 0.5415000858
428 0.3643737005 0.5555120592
429 0.3699878146 0.5690965198
430 0.3769638801 0.5821123596
431 0.3852442139 0.594422905
432 0.3947574058 0.6058973441
433 0.4054189144 0.6164121055
434 0.4171318029 0.6258521786
435 0.4297876072 0.634112357
436 0.4432673283 0.641098395
437 0.4574425421 0.6467280631
438 0.4721766136 0.6509320913
439 0.4873260065 0.6536549887
440 0.5027416742 0.6548557316
441 0.5182705195 0.6545083108
442 0.533756909 0.6526021307
443 0.5490442259 0.6491422566
444 0.5639764478 0.6441495048
445 0.578399732 0.6376603735
446 0.5921639934 0.6297268143
447 0.6051244579 0.6204158449
448 0.6171431756 0.6098090051
449 0.6280904794 0.5980016609
450 0.637846371 0.5851021622
451 0.6463018222 0.5712308611
452 0.653359976 0.5565190002
453 0.658937235 0.5411074799
454 0.6629642244 0.5251455177
455 0.6653866203 0.508789211
456 0.6661658314 0.4922000172
457 0.665279528 0.475543167
458 0.6627220104 0.4589860245
459 0.6585044115 0.4426964124
460 0.6526547315 0.4268409175
461 0.6452177009 0.4115831938
462 0.6362544733 0.3970822812
463 0.6258421485 0.3834909562
464 0.6140731307 0.3709541317
465 0.6010543252 0.359607323
466 0.5869061815 0.3495751957
467 0.5717615916 0.3409702116
468 0.5557646513 0.3338913858
469 0.539069299 0.3284231704
470 0.5218378423 0.3246344759
471 0.5042393871 0.3225778415
472 0.4864481854 0.3222887647
473 0.4686419161 0.323785198
474 0.4509999168 0.3270672182
475 0.4337013845 0.3321168752
476 0.4169235615 0.3388982217
477 0.400839927 0.3473575247
478 0.385618411 0.3574236605
479 0.3714196499 0.3690086875
480 0.3583953008 0.3820085953
481 0.3466864336 0.3963042226
482 0.3364220164 0.4117623351
483 0.3277175109 0.4282368566
484 0.3206735932 0.4455702389
485 0.315375014 0.4635949598
486 0.31188961 0.4821351342
487 0.3102674788 0.5010082233
488 0.310540327 0.5200268253
489 0.3127209985 0.5390005293
490 0.3168031905 0.5577378158
491 0.3227613604 0.5760479829
492 0.3305508276 0.5937430809
493 0.3401080687 0.6106398337
494 0.3513512071 0.6265615294
495 0.3641806913 0.6413398591
496 0.3784801577 0.6548166857
497 0.3941174715 0.6668457241
498 0.410945934 0.6772941147
499 0.4288056484 0.6860438739
500 0.4475250293 0.6929932057
501 0.4669224423 0.6980576594
502 0.4868079596 0.701171122
503 0.5069852118 0.7022866319
504 0.5272533213 0.701377006
505 0.5474088949 0.6984352718
506 0.567248059 0.6934748973
507 0.5865685152 0.6865298173
508 0.605171596 0.6776542523
509 0.6228643003 0.6669223204
510 0.6394612869 0.6544274453
511 0.6547868073 0.6402815645
512 0.6686765552 0.6246141438
513 0.6809794158 0.6075710067
514 0.6915590948 0.5893129896
515 0.7002956099 0.5700144345
516 0.70708663 0.5498615334
517 0.7118486446 0.5290505401
518 0.7145179536 0.5077858666
519 0.7150514634 0.4862780821
520 0.7134272807 0.4647418343
521 0.7096450974 0.4433937136
522 0.7037263593 0.4224500813
523 0.6957142164 0.4021248838
524 0.6856732535 0.3826274735
525 0.6736890025 0.3641604609
526 0.6598672381 0.3469176172
527 0.6443330644 0.3310818515
528 0.627229799 0.3168232816
529 0.6087176647 0.3042974196
530 0.5889722997 0.2936434923
531 0.568183102 0.284982912
532 0.5465514208 0.2784179174
533 0.524288615 0.2740303969
534 0.5016139948 0.2718809096
535 0.4787526683 0.272007914
536 0.455933313 0.2744272141
537 0.4333858948 0.2791316313
538 0.4113393568 0.2860909048
539 0.3900193018 0.2952518255
540 0.3696456907 0.3065386022
541 0.3504305811 0.3198534588
542 0.3325759294 0.3350774584
543 0.3162714783 0.3520715467
544 0.301692752 0.3706778066
545 0.2889991813 0.3907209128
546 0.2783323761 0.4120097723
547 0.2698145665 0.4343393371
548 0.2635472276 0.4574925701
549 0.2596099042 0.4812425474
550 0.258059248 0.505354675
551 0.2589282801 0.5295889995
552 0.2622258854 0.5537025895
553 0.2679365483 0.5774519648
554 0.2760203322 0.6005955479
555 0.2864131057 0.6228961146
556 0.2990270153 0.644123218
557 0.3137511997 0.6640555616
558 0.3304527435 0.6824832971
559 0.3489778582 0.6992102229
560 0.3691532846 0.7140558606
561 0.3907879001 0.7268573875
562 0.413674519 0.7374714047
563 0.4375918669 0.7457755215
564 0.462306712 0.7516697395
565 0.4875761321 0.7550776194
566 0.5131498949 0.7559472191
567 0.5387729302 0.754251791
568 0.5641878667 0.7499902294
569 0.5891376113 0.7431872627
570 0.6133679432 0.7338933857
571 0.6366300967 0.7221845319
572 0.658683308 0.7081614865
573 0.6792972983 0.6919490439
574 0.6982546686 0.6736949179
575 0.7153531813 0.6535684124
576 0.7304079047 0.631758865
577 0.7432531973 0.608473878
578 0.7537445115 0.5839373521
579 0.7617599973 0.5583873426
580 0.7672018871 0.5320737581
581 0.7699976475 0.5052559226
582 0.7701008849 0.4782000277
583 0.7674919926 0.4511764956
584 0.7621785325 0.4244572838
585 0.7541953456 0.3983131538
586 0.7436043873 0.3730109347
587 0.7304942886 0.3488108065
588 0.7149796449 0.3259636333
589 0.6972000383 0.3047083713
590 0.6773188002 0.2852695795
591 0.6555215276 0.2678550597
592 0.632014363 0.2526536482
593 0.6070220566 0.2398331849
594 0.5807858272 0.2295386801
595 0.5535610428 0.2218906994
596 0.5256147424 0.2169839841
597 0.4972230242 0.2148863234
598 0.4686683245 0.2156376899
599 0.4402366141 0.2192496508
600 0.4122145411 0.2257050616
601 0.3848865475 0.2349580467
602 0.3585319885 0.2469342701
603 0.3334222845 0.2615314951
604 0.3098181336 0.2786204288
605 0.2879668149 0.2980458447
606 0.268099608 0.3196279756
607 0.2504293574 0.3431641612
608 0.2351482069 0.3684307394
609 0.2224255277 0.3951851602
610 0.2124060622 0.423168305
611 0.2052083048 0.4521069879
612 0.2009231355 0.4817166148
613 0.1996127243 0.5117039755
614 0.2013097171 0.5417701408
615 0.2060167143 0.5716134354
616 0.2137060488 0.6009324591
617 0.2243198678 0.6294291239
618 0.2377705193 0.6568116775
619 0.253941242 0.6827976828
620 0.2726871522 0.7071169226
621 0.2938365217 0.7295141999
622 0.3171923336 0.7497520049
623 0.3425341036 0.7676130204
624 0.3696199495 0.7829024405
625 0.3981888889 0.7954500764
626 0.4279633458 0.8051122286
627 0.4586518383 0.8117733028
628 0.4899518259 0.8153471539
629 0.5215526842 0.8157781411
630 0.553138782 0.8130418826
631 0.5843926266 0.8071457
632 0.6149980496 0.7981287455
633 0.6446433978 0.7860618103
634 0.6730247 0.7710468111
635 0.6998487757 0.7532159617
636 0.7248362553 0.7327306324
637 0.7477244791 0.7097799098
638 0.7682702471 0.6845788665
639 0.7862523898 0.6573665604
640 0.8014741322 0.6284037773
641 0.8137652281 0.5979705424
642 0.8229838394 0.5663634217
643 0.8290181414 0.5338926392
644 0.8317876355 0.5008790398
645 0.8312441543 0.4676509255
646 0.8273725475 0.4345407973
647 0.820191039 0.4018820338
648 0.8097512504 0.3700055416
649 0.7961378878 0.3392364091
650 0.7794680937 0.3098905983
651 0.7598904675 0.2822717084
652 0.7375837641 0.2566678444
653 0.7127552796 0.2333486217
654 0.6856389404 0.2125623392
655 0.656493112 0.1945333499
656 0.6255981483 0.1794596565
657 0.5932537043 0.1675107573
658 0.5597758385 0.1588257669
659 0.5254939318 0.1535118312
660 0.4907474538 0.1516428545
661 0.4558826082 0.1532585541
662 0.421248889 0.1583638532
663 0.3871955846 0.1669286209
664 0.3540682606 0.1788877635
665 0.3222052608 0.1941416682
666 0.2919342587 0.212556998
667 0.2635688964 0.2339678299
668 0.2374055441 0.2581771289
669 0.2137202149 0.2849585439
670 0.1927656652 0.3140585095
671 0.1747687124 0.3451986347
672 0.1599277983 0.3780783553
673 0.1484108232 0.4123778262
674 0.1403532744 0.447761024
675 0.1358566705 0.4838790323
676 0.1349873388 0.5203734747
677 0.1377755386 0.5568800648
678 0.1442149438 0.5930322359
679 0.1542624904 0.6284648155
680 0.1678385924 0.6628177069
681 0.1848277273 0.6957395418
682 0.2050793874 0.7268912667
683 0.2284093873 0.7559496256
684 0.2546015198 0.7826105048
685 0.2834095431 0.8065921042
686 0.3145594816 0.8276379024
687 0.3477522206 0.8455193849
688 0.3826663678 0.8600385061
689 0.4189613566 0.8710298588
690 0.4562807601 0.8783625278
691 0.4942557843 0.8819416073
692 0.5325089056 0.881709364
693 0.5706576174 0.8776460332
694 0.6083182488 0.8697702372
695 0.6451098167 0.8581390198
696 0.6806578729 0.8428474938
697 0.7145983081 0.8240281041
698 0.746581073 0.8018495097
699 0.7762737801 0.7765150959
700 0.8033651472 0.7482611276
701 0.8275682492 0.7173545617
702 0.8486235429 0.6840905377
703 0.8663016334 0.6487895702
704 0.8804057528 0.6117944709
705 0.8907739248 0.5734670275
706 0.8972807915 0.5341844736
707 0.8998390817 0.4943357829
708 0.8984007045 0.4543178242
709 0.8929574547 0.4145314152
710 0.8835413206 0.3753773142
711 0.8702243895 0.3372521903
712 0.8531183486 0.3005446112
713 0.8323735852 0.2656310909
714 0.8081778916 0.2328722355
715 0.7807547873 0.2026090287
716 0.7503614714 0.1751592925
717 0.7172864253 0.1508143627
718 0.681846687 0.1298360107
719 0.6443848227 0.1124536475
720 0.605265625 0.09886183603
721 0.5648725687 0.0892181411
722 0.5236040596 0.08364133981
723 0.4818695112 0.08221001192
724 0.4400852902 0.08496152697
725 0.3986705687 0.09189144048
726 0.3580431255 0.1029533075
727 0.3186151384 0.1180589176
728 0.2807890096 0.1370789515
729 0.2449532664 0.1598440548
730 0.2114785793 0.1861463204
731 0.1807139373 0.2157411667
732 0.152983021 0.2483495956
733 0.12858081 0.2836608084
734 0.1077704609 0.3213351565
735 0.09078048815 0.3610073976
736 0.07780227779 0.4022902284
737 0.06898796182 0.444778057
738 0.06444867529 0.4880509809
739 0.06425321657 0.5316789297
740 0.06842712621 0.5752259331
741 0.07695219592 0.6182544713
742 0.08976641494 0.6603298639
743 0.1067643568 0.7010246549
744 0.1277980046 0.7399229475
745 0.1526780096 0.7766246471
746 0.1811753717 0.8107495674
747 0.2130235282 0.8419413587
748 0.2479208314 0.8698712173
749 0.2855333924 0.8942413376
750 0.3254982641 0.9147880714
751 0.3674269339 0.9312847598
752 0.4109090918 0.9435442091
753 0.4555166378 0.951420782
754 0.5008078898 0.9548120825
755 0.5463319503 0.9536602151
756 0.5916331883 0.9479526028
757 0.636255794 0.9377223535
758 0.6797483578 0.9230481693
759 0.7216684307 0.9040537968
760 0.7615870169 0.8809070215
761 0.7990929567 0.8538182134
762 0.833797152 0.8230384379
763 0.865336592 0.7888571465
764 0.8933781384 0.75159947
765 0.9176220296 0.7116231386
766 0.937805068 0.6693150576
767 0.9537034555 0.6250875728
768 0.9651352489 0.5793744596
769 0.971962406 0.5326266764
770 0.9740924016 0.4853079229
771 0.9714793944 0.4378900471
772 0.9641249299 0.3908483461
773 0.9520781712 0.3446568094
774 0.9354356518 0.2997833484
775 0.9143405509 0.2566850644
776 0.8889814963 0.2158035998
777 0.8595909037 0.1775606205
778 0.8264428675 0.1423534769
779 0.7898506217 0.1105510859
780 0.7501635941 0.08249007846
781 0.7077640819 0.05847125115
782 0.6630635791 0.03875636066
783 0.6164987923 0.02356529364
784 0.5685273823 0.01307364334
785 0.5196234732 0.007410719058
786 0.4702729735 0.006658010737
787 0.4209687543 0.01084812643
788 0.3722057334 0.01996421577
789 0.3244759139 0.03393988768
790 0.2782634268 0.05265962569
791 0.234039627 0.07595969911
792 0.1922582941 0.1036295636
793 0.1533509847 0.1354137391
794 0.1177225847 0.1710141495
795 0.08574710784 0.2100929015
796 0.05776378235 0.2522754786
797 0.03407346872 0.2971543183
798 0.01493544428 0.34429274
799 0.0005645899744 0.3932291858
800 -0.008870990809 0.4434817312
801 -0.0132518952 0.4945528243
802 -0.01250886388 0.5459342055
803 -0.006623727401 0.597111959
804 0.004370156349 0.6475716467
805 0.02038798028 0.6968034729
806 0.04129408378 0.7443074277
807 0.06690306244 0.7895983582
808 0.09698138319 0.8322109151
809 0.1312494912 0.8717043247
810 0.1693843896 0.9076669382
811 0.2110226687 0.9397205099
812 0.2557639564 0.9675241615
813 0.3031747565 0.9907779902
814 0.3527926398 1.009226283
815 0.4041307455 1.022660301
816 0.4566825509 1.030920611
817 0.5099268621 1.033898922
818 0.5633329764 1.031539432
819 0.6163659654 1.023839638
820 0.6684920266 1.010850627
821 0.7191838503 0.9926768235
822 0.767925946 0.9694751994
823 0.8142198778 0.9414539567
824 0.8575893527 0.9088706841
825 0.8975851113 0.8720300112
826 0.9337895711 0.8312807778
827 0.9658211734 0.7870127449
828 0.9933383897 0.7396528796
829 1.016043345 0.6896612467
830 1.033685022 0.6375265498
831 1.046062003 0.5837613612
832 1.053024738 0.5288970902
833 1.054477292 0.4734787378
834 1.050378568 0.418059489
835 1.040742984 0.3631951974
836 1.025640591 0.3094388166
837 1.005196643 0.2573348339
838 0.9795905964 0.2074137621
839 0.9490545712 0.160186746
840 0.9138712719 0.1161403372
841 0.874371389 0.07573149141
842 0.8309305081 0.03938283908
843 0.7839655518 0.00747827849
844 0.7339307906 -0.01964106308
845 0.6813134586 -0.04168045759
846 0.6266290182 -0.05839475558
847 0.5704161179 -0.06959108248
848 0.5132312942 -0.07513102251
849 0.4556434682 -0.07493226585
850 0.3982282917 -0.06896969988
851 0.3415623997 -0.0572759311
852 0.2862176255 -0.03994122954
853 0.2327552368 -0.01711289379
854 0.181720251 0.01100595993
855 0.1336358874 0.04415817502
856 0.08899821148 0.08203488294
857 0.0482710279 0.124278362
858 0.01188107305 0.1704854002
859 -0.01978644227 0.2202111308
860 -0.04639189392 0.2729733041
861 -0.06764486645 0.3282569547
862 -0.08330729769 0.3855194189
863 -0.09319611218 0.4441956539
864 -0.09718531441 0.5037038065
865 -0.09520751849 0.5634509759
866 -0.08725489621 0.6228391148
867 -0.07337953131 0.6812710093
868 -0.05369317356 0.738156278
869 -0.02836639249 0.7929173301
870 0.002372863563 0.8449952224
871 0.03824129139 0.8938553565
872 0.07890282206 0.938992957
873 0.1239717519 0.979938276
874 0.1730163866 1.016261469
875 0.2255631633 1.047577093
876 0.2811012127 1.073548179
877 0.3390873167 1.093889835
878 0.3989512129 1.108372347
879 0.4601011953 1.116823734
880 0.5219299565 1.119131737
881 0.5838206119 1.115245219
882 0.6451528484 1.105174959
883 0.7053091356 1.088993819
884 0.7636809362 1.0668363
885 0.8196748552 1.03889747
886 0.8727186647 1.005431279
887 0.922267143 0.9667482769
888 0.9678076689 0.9232127532
889 1.008865515 0.8752393224
890 1.045008781 0.8232889898
891 1.075852925 0.767864733
892 1.101064835 0.7095066425
893 1.120366398 0.6487866682
894 1.133537549 0.5863030211
895 1.140418729 0.5226742879
896 1.140912766 0.4585333131
897 1.134986121 0.3945209118
898 1.122669517 0.3312794737
899 1.104057913 0.2694465225
900 1.079309838 0.2096482967
901 1.048646084 0.1524934137
902 1.012347765 0.0985666835
903 0.9707537675 0.04842313365
904 0.9242576019 0.00258230708
905 0.873303698 -0.03847710948
906 0.8183831696 -0.07432227036
907 0.7600290921 -0.1045707177
908 0.6988113386 -0.1288944423
909 0.6353310234 -0.1470234156
910 0.5702146068 -0.1587485555
911 0.5041077203 -0.1639240928
912 0.4376687719 -0.1624693126
913 0.3715623947 -0.1543696504
914 0.3064528046 -0.1396771282
915 0.2429971332 -0.1185101251
916 0.1818388021 -0.09105247965
917 0.1236010064 -0.05755193141
918 0.06888037242 -0.01831791444
919 0.01824085484 0.0262812786
920 -0.02779206506 0.07582193543
921 -0.06873682005 0.1298289345
922 -0.1041607804 0.187780289
923 -0.1336848078 0.2491121809
924 -0.1569872924 0.3132244371
925 -0.1738076289 0.3794863939
926 -0.1839490966 0.4472430934
927 -0.1872811096 0.5158217503
928 -0.1837408127 0.5845384255
929 -0.1733340054 0.652704841
930 -0.1561353792 0.7196352672
931 -0.1322880654 0.7846534143
932 -0.1020024936 0.8470992594
933 -0.0655545696 0.9063357383
934 -0.02328318828 0.961755237
935 0.0244128964 1.012785814
936 0.0770788158 1.058897093
937 0.1342079103 1.099605761
938 0.1952465912 1.13448062
939 0.2595996948 1.163147135
940 0.3266362765 1.185291437
941 0.3956957884 1.200663726
942 0.4660945808 1.209081052
943 0.5371326633 1.210429438
944 0.6081006583 1.204665314
945 0.6782868783 1.191816251
946 0.7469844564 1.171980991
947 0.8134984592 1.145328754
948 0.8771529086 1.112097841
949 0.937297645 1.072593532
950 0.993314958 1.027185311
951 1.044625922 0.9763034256
952 1.090696366 0.9204348284
953 1.131042424 0.8601185302
954 1.165235596 0.7959404113
955 1.192907286 0.7285275406
956 1.213752747 0.6585420575
957 1.227534405 0.5866746758
958 1.234084528 0.5136378748
959 1.233307198 0.4401588417
960 1.225179573 0.3669722383
961 1.209752423 0.2948128624
962 1.187149928 0.2244082761
963 1.157568735 0.1564714772
964 1.121276291 0.09169368625
965 1.07860845 0.03073732108
966 1.029966392 -0.02577076749
967 0.975812868 -0.07724573181
968 0.9166678112 -0.1231507684
969 0.8531033608 -0.1630027019
970 0.7857383373 -0.1963770537
971 0.7152322277 -0.2229125431
972 0.642278738 -0.2423149715
973 0.5675989753 -0.2543604511
974 0.4919343273 -0.2588979397
975 0.4160391087 -0.2558510559
976 0.3406730477 -0.2452191524
977 0.2665936871 -0.2270776332
978 0.1945487769 -0.2015775092
979 0.1252687331 -0.1689441934
980 0.05945924011 -0.1294755446
981 -0.002205928829 -0.08353917556
982 -0.05909180072 -0.03156905067
983 -0.1106087303 0.02593859609
984 -0.1562184993 0.08842998493
985 -0.195439925 0.1552991106
986 -0.227853918 0.2258936082
987 -0.2531079392 0.2995211088
988 -0.2709198058 0.3754560212
989 -0.2810808067 0.4529466752
990 -0.2834580945 0.5312227559
991 -0.2779963246 0.6095029539
992 -0.2647185236 0.6870027581
993 -0.2437261757 0.7629423113
994 -0.2151985207 0.8365542511
995 -0.1793910702 0.9070914567
996 -0.1366333522 0.9738346243
997 -0.08732590322 1.036099594
998 -0.031936537 1.093244351
999 0.02900407766 1.144675638
