# Start
0 109.57447 689.59623
1 128.7234 657.68133
2 138.29787 672.57495
3 134.04255 690.66005
4 161.70213 690.66005
5 152.12766 681.08559
6 161.70213 660.87282
7 186.17021 661.93665
8 181.91489 686.40474
9 146.80851 722.57495
10 180.85106 719.38346
11 177.65957 710.87282
12 237.23404 706.6175
13 221.2766 694.91537
14 200.0 687.46857
15 211.70213 666.19197
16 281.91489 668.31963
17 273.40426 715.12814
18 225.53191 722.57495
19 226.59574 742.78771
20 297.87234 740.66005
21 305.31915 717.2558
22 293.61702 710.87282
23 300.0 683.21325
24 367.02128 695.9792
25 359.57447 717.2558
26 332.97872 722.57495
27 320.21277 765.12814
28 269.14894 766.19197
29 221.2766 759.80899
30 203.19149 732.14942
31 162.76596 755.55367
32 261.70213 780.02176
33 325.53191 783.21325
34 339.3617 770.44729
35 340.42553 754.48984
36 381.91489 754.48984
37 376.59574 782.14942
38 337.23404 786.40474
39 379.78723 798.10686
40 359.57447 803.42601
41 387.23404 803.42601
42 353.19149 810.87282
43 407.44681 815.12814
44 288.29787 856.6175
45 445.74468 861.93665
46 241.48936 904.48984
47 191.48936 845.9792
48 34.042553 841.72388
49 35.106383 783.21325
50 115.95745 791.72388
51 119.14894 810.87282
52 146.80851 808.74516
53 143.61702 789.59623
54 119.14894 783.21325
55 115.95745 771.51112
56 135.10638 764.06431
57 125.53191 733.21325
58 67.021277 730.02176
59 47.87234 706.6175
60 81.914894 703.42601
# End
