84 160 750
85 120 970
86 350 760
87 200 880
88 250 795
# Start
0 93.303299 710.95693
1 112.38806 675.96819
2 126.17151 722.61984
3 152.67813 675.96819
4 180.24501 713.07746
5 196.14898 680.20925
6 229.01719 732.16222
7 252.34301 690.8119
8 280.97016 726.8609
9 287.33175 688.69137
10 350.94764 708.8364
11 349.88737 730.04169
12 333.9834 748.0662
13 386.99664 750.18673
14 309.59731 795.77811
15 379.57479 826.52579
16 305.35625 869.99664
17 355.1887 895.443
18 345.64631 947.39597
19 289.45228 950.57677
20 297.9344 924.07015
21 332.92314 926.19068
22 317.01916 910.2867
23 250.22248 918.76882
24 257.64434 969.66153
25 317.01916 988.7463
26 296.87413 1011.0119
27 209.93242 996.16815
28 194.02845 950.57677
29 209.93242 944.21518
30 191.90792 918.76882
31 160.09998 919.82909
32 153.73839 977.08338
33 191.90792 998.28868
34 161.16024 1021.6145
35 82.700652 984.50524
36 103.90595 946.33571
37 125.11124 939.97412
38 111.3278 908.16617
39 63.615886 917.70856
40 58.314562 952.69729
41 29.687413 950.57677
42 30.747678 891.20194
43 62.555621 881.65956
44 60.435091 859.394
45 30.747678 851.97214
46 30.747678 836.06817
47 50.892709 820.1642
48 46.65165 795.77811
49 26.506619 787.29599
50 36.049002 767.15096
51 65.736415 754.42778
52 60.435091 732.16222
53 31.807943 725.80064
54 32.868208 684.45031
55 46.65165 638.85893
56 59.374827 667.48607
57 40.290061 682.32978
58 67.856945 689.75163
59 45.591385 704.59534
60 63.615886 707.77613
# End
# Start
61 266.12646 853.03241
62 282.03043 843.49002
63 241.74037 828.64632
64 272.48804 821.22446
65 223.71587 791.53705
66 261.8854 787.29599
67 254.46354 766.0907
68 218.41454 762.9099
69 212.05295 795.77811
70 195.08872 803.19996
71 233.25825 816.98341
72 217.35428 835.00791
# End
# Start
73 135.71389 848.79135
74 152.67813 838.1887
75 133.59336 831.82711
76 149.49733 819.10393
77 125.11124 807.44102
78 150.5576 793.65758
79 107.08674 791.53705
80 104.96621 818.04367
81 121.93045 818.04367
82 92.243034 838.1887
83 120.87018 845.61055
# End
